state1 state2 rate Iz_exp_value1 1 0.000000 -0.990808
1 1 0.000000 -3.997067
1 2 0.174586 -3.002933
2 1 0.000000 -2.005508
1 1 0.000000 3.994550
1 1 0.000000 0.010021
1 2 0.162232 -0.990808
2 1 0.000000 0.010021
1 3 0.000000 -0.990808
3 1 0.075218 0.989979
1 2 7.568474 3.994550
2 1 0.000000 4.000000
1 2 0.000000 -3.997067
2 1 8.955330 -4.000000
1 3 0.094220 -3.997067
3 1 0.000000 -2.994492
1 2 0.167509 0.010021
2 1 0.000000 1.009902
2 2 0.000000 4.000000
1 1 0.000000 -2.005508
1 1 0.000000 1.990098
1 4 0.000000 -3.997067
4 1 0.033474 -2.005508
1 3 0.000000 0.010021
3 1 0.076221 1.990098
1 2 8.627193 -2.005508
1 2 7.934337 1.990098
2 1 0.000000 -1.992366
2 1 0.000000 2.008527
1 3 0.206108 -2.005508
1 3 0.222050 1.990098
3 1 0.000000 -1.007634
3 1 0.000000 2.991473
1 1 0.000000 -1.007634
2 2 0.000000 2.008527
4 4 0.000000 0.989979
1 2 8.458748 -1.007634
2 1 0.000000 -0.990808
4 4 0.000000 -0.009192
1 1 0.000000 -2.994492
4 2 8.112421 0.989979
2 4 0.000000 1.009902
2 4 0.150409 2.008527
1 3 0.226931 -1.007634
4 2 0.000000 3.005450
3 1 0.000000 -0.009192
4 2 8.287198 -0.009192
2 4 0.000000 0.010021
4 3 0.237752 0.989979
3 4 0.000000 1.990098
2 5 0.000000 2.008527
5 2 0.049328 3.994550
4 3 0.237940 -0.009192
1 2 0.128028 -2.994492
2 1 0.000000 -1.9923661 3 0.000000 -2.994492
3 1 0.053005 -1.007634
3 3 0.000000 -4.000000
3 3 0.000000 2.991473
2 2 0.000000 -1.992366
3 4 7.752958 2.991473
4 3 0.000000 3.005450
5 5 0.000000 -3.002933
3 5 0.178952 2.991473
5 3 0.000000 3.994550
2 4 0.149346 -1.992366
4 2 0.000000 -0.990808
5 2 0.000000 -3.002933
2 5 0.127114 -4.000000
2 2 0.000000 1.009902
2 5 0.000000 -1.992366
5 2 0.067107 -0.009192
5 3 8.792671 -3.002933
3 5 0.000000 -2.994492
4 4 0.000000 3.005450
2 5 0.164433 1.009902
5 2 0.000000 2.008527
4 6 0.118229 3.005450
6 4 0.000000 4.000000
2 6 0.000000 1.009902
6 2 0.068476 2.991473
